湿地
5.939322,15.727840 6.424870,13.173248 4.812893,14.688412 4.938285,18.376595 9.672965,10.751623 8.125525,12.933424 6.112401,18.883950 1.639325,6.306939 1.181966,17.489298 8.003411,18.050182 
9.807565,16.987378 5.153314,16.707938 2.064470,14.598815 2.290180,19.170034 5.696635,11.219929 3.381001,16.613505 5.105353,13.526509 1.169108,14.264532 6.508862,14.254010 9.493733,15.227304 
4.235571,11.555479 7.278681,5.903382 7.000900,15.059568 2.893443,6.933894 3.838855,10.455662 6.131771,11.579023 9.895365,6.530672 2.879891,7.419643 6.877975,8.799374 5.196797,8.666384 
2.430726,6.655627 6.906966,7.072744 2.769241,10.530878 8.388939,6.456519 8.541504,6.441476 9.788135,12.029768 9.790850,14.072683 7.653372,5.587817 3.545263,6.802948 3.665262,6.780916 
3.861849,11.213945 1.577327,15.387082 6.099413,8.980842 5.709232,6.409108 6.183518,18.939443 3.867121,15.011156 2.186181,15.744908 3.604655,7.747870 6.278616,5.301613 8.460460,5.070432 
7.100349,9.050120 7.616746,19.432828 3.238778,13.642360 6.328377,13.583779 3.007735,19.291235 5.024128,17.696130 7.295313,9.461554 8.324180,10.947586 8.929929,13.719093 8.935618,15.387974 
7.527289,12.519866 9.604753,14.659853 4.814695,14.095898 1.172739,9.523622 6.941562,9.351164 6.562139,11.431531 2.219267,9.474235 6.129684,13.863091 6.168927,14.798012 6.868929,11.471277 
9.068919,10.513428 4.922784,18.378850 8.255746,15.558329 1.902042,18.792239 7.428172,19.982705 2.345035,18.021891 2.462436,14.233393 2.114380,17.720123 8.265871,13.536511 4.664650,6.037505 
7.276859,11.803140 7.498500,17.995735 9.779694,17.837050 1.105427,10.399671 7.569915,7.574445 5.689329,5.815070 2.799969,5.277827 8.143279,8.358870 4.108165,18.921219 7.339730,5.477584 
2.482247,14.322176 6.195057,8.568392 9.407926,14.209489 5.820695,13.848650 7.571098,9.679175 4.583990,8.147656 2.675737,19.165586 7.655957,12.356882 3.046732,8.815347 1.522262,11.516249 
森林
3.806163,15.445152 4.399767,7.694055 1.222109,6.008744 7.114535,11.805453 5.829213,18.450069 9.913051,8.253455 6.967704,8.949836 1.185859,16.375680 3.880154,10.751958 6.294854,17.465727 
6.660837,18.089760 3.461878,16.970703 2.670723,19.291875 7.187394,8.232615 9.526335,15.962837 3.285475,8.199680 5.663806,5.384941 2.867231,11.370282 4.367530,11.953631 3.498658,13.801765 
8.774700,6.762978 5.656412,6.981022 7.451737,10.940896 6.088792,7.749198 2.303630,12.320844 4.200515,19.106479 7.887927,16.229954 9.133478,6.251337 5.969732,13.767141 9.657427,9.382213 
3.167459,6.504409 1.147867,18.942940 7.029249,16.777294 3.535571,13.796152 1.575597,12.284414 9.797456,18.147579 4.043431,19.423552 3.085315,19.239782 9.472399,16.988039 6.674031,18.114319 
3.637183,17.734153 6.560890,5.198553 4.125102,7.222113 9.836465,12.175555 5.476522,14.592088 4.317261,7.053504 8.399060,7.847719 5.601871,8.364755 1.880600,17.932873 9.756275,19.412520 
9.158999,16.610710 3.998306,6.216521 4.665171,8.483512 2.192389,5.801408 7.530349,5.171412 7.935227,7.204200 1.715699,6.344046 7.048430,8.680508 4.784855,13.360532 8.744961,15.905664 
3.432951,6.972242 1.498369,9.523980 3.359063,11.842109 7.149532,15.434382 3.551670,10.698904 2.630359,16.828183 1.511633,15.454959 8.008259,16.661113 3.334803,10.607197 6.288397,9.092329 
4.337675,7.955814 5.138703,5.669185 8.198163,6.154347 5.669516,9.602151 6.197887,19.391500 6.810132,5.530437 4.873622,12.650253 5.825597,15.220888 3.498365,6.932908 4.534081,19.346086 
2.684178,18.559759 5.894254,11.853671 8.938373,11.879059 7.517509,10.985380 9.136400,15.350375 7.296598,9.915806 7.811008,14.540916 3.160182,7.408082 8.167523,19.387499 5.123249,13.864762 
8.719504,11.858352 9.566870,13.636267 8.386904,18.632656 8.339714,7.391217 6.660086,10.976514 1.564417,11.360484 3.328157,17.735575 1.299742,19.384741 4.198320,10.350603 1.146957,7.778485 
群落
4.611336,18.939371 1.896534,19.179523 8.825397,11.812436 3.940308,8.491162 6.530182,5.496119 1.140455,11.431936 1.612667,8.779115 2.990448,8.797868 2.179497,5.180543 2.039359,14.277204 
9.768306,19.855175 4.681487,7.444316 6.748856,12.354580 9.904688,5.979563 8.049110,9.325977 3.172768,14.937569 3.214569,14.987887 5.655777,11.361335 5.992190,9.305773 7.359172,11.222853 
4.244910,17.429854 9.324702,5.690110 3.093643,10.227791 8.334698,19.782371 9.720745,18.574225 3.669006,19.880169 3.244780,6.588592 9.558573,8.501304 7.207914,5.875345 7.576382,18.225803 
3.451932,10.685853 4.368666,16.231824 3.140265,7.577796 5.043625,9.567026 8.552702,8.566127 5.521505,19.138754 6.705979,18.009341 9.461887,16.261473 7.296176,19.519483 9.949607,11.777325 
1.637828,9.391910 2.371192,11.262296 2.181604,14.061767 4.445273,18.430788 9.710152,13.203274 3.473412,13.883456 9.070850,11.101000 5.968704,9.074792 5.098997,11.025703 3.235721,12.587996 
3.793427,10.595523 5.724734,16.258925 4.001567,18.862381 8.760867,5.730354 3.282783,11.692033 1.941651,10.227140 7.660878,15.207717 6.601460,15.657926 2.844313,10.125472 7.086182,18.188521 
5.893102,9.240495 1.272117,15.655052 1.070957,10.590186 5.774835,18.831672 1.805451,11.089135 1.218819,10.139165 6.600080,9.186019 2.887750,6.735548 6.194262,15.429050 7.047614,19.232915 
1.024329,14.707950 6.403530,13.831094 9.664933,5.253075 7.268342,17.205180 5.588265,10.009473 8.117561,6.458644 4.978321,12.799286 7.245608,6.363286 3.049836,11.154523 6.609652,18.304412 
6.569436,7.001922 9.825221,18.076786 5.524487,18.835220 5.872427,18.849591 8.469076,19.524296 9.278045,5.540507 2.572948,10.837020 9.569284,9.500434 2.444209,18.294570 5.017550,18.618134 
2.442074,14.916763 4.962374,6.147302 7.268168,8.710981 1.356540,5.899164 1.549707,18.615994 7.658955,18.470935 7.053241,12.934099 3.740017,19.969434 4.259702,12.059734 4.404207,19.692904 
