0,0 0,0 2.0229187,88.963394 0,0 0,0 0,0 
0,0 0,0 2.0229187,88.963394 0,0 0,0 0,0 
0,0 0,0 35.40676,0.0 0,0 0,0 0,0 
0,0 0,0 35.40676,0.0 0,0 0,0 0,0 
0,0 0,0 15.065236,88.963394 0,0 0,0 0,0 
0,0 0,0 15.065236,88.963394 0,0 0,0 0,0 
0,0 0,0 0.0,0.0 0,0 0,0 0,0 
0,0 0,0 0.0,0.0 0,0 0,0 0,0 
0,0 0,0 0.0,89.19963 0,0 0,0 0,0 
0,0 0,0 0.0,89.19963 0,0 0,0 0,0 
0,0 0,0 3.3688586,0.0 0,0 0,0 0,0 
0,0 0,0 3.3688586,0.0 0,0 0,0 0,0 
0,0 0,0 0.0,0.0 0,0 0,0 0,0 
0,0 0,0 0.0,0.0 0,0 0,0 0,0 
0,0 0,0 6.739136,0.0 0,0 0,0 0,0 
0,0 0,0 6.739136,0.0 0,0 0,0 0,0 
0,0 0,0 0.0,0.0 0,0 0,0 0,0 
0,0 0,0 0.0,0.0 0,0 0,0 0,0 
0,0 0,0 0.8348354,0.0 0,0 0,0 0,0 
0,0 0,0 0.8348354,0.0 0,0 0,0 0,0 
0,0 0,0 0.0,88.963394 0,0 0,0 0,0 
0,0 0,0 0.0,88.963394 0,0 0,0 0,0 
0,0 0,0 0.0,0.0 0,0 0,0 0,0 
0,0 0,0 0.0,0.0 0,0 0,0 0,0 
0,0 0,0 0.0,88.963394 0,0 0,0 0,0 
0,0 0,0 0.0,88.963394 0,0 0,0 0,0 
0,0 0,0 10.167216,0.0 0,0 0,0 0,0 
0,0 0,0 10.167216,0.0 0,0 0,0 0,0 
0,0 0,0 0.0,89.19963 0,0 0,0 0,0 
0,0 0,0 0.0,89.19963 0,0 0,0 0,0 
0,0 0,0 32.91864,0.0 0,0 0,0 0,0 
0,0 0,0 32.91864,0.0 0,0 0,0 0,0 
0,0 0,0 0.0,0.0 0,0 0,0 0,0 
0,0 0,0 0.0,0.0 0,0 0,0 0,0 
0,0 0,0 0.0,89.19963 0,0 0,0 0,0 
0,0 0,0 0.0,89.19963 0,0 0,0 0,0 
0,0 0,0 0.0,0.0 0,0 0,0 0,0 
0,0 0,0 0.0,0.0 0,0 0,0 0,0 
0,0 0,0 5.5931816,0.0 0,0 0,0 0,0 
0,0 0,0 5.5931816,0.0 0,0 0,0 0,0 
0,0 0,0 0.0,88.963394 0,0 0,0 0,0 
0,0 0,0 0.0,88.963394 0,0 0,0 0,0 
0,0 0,0 1.5892826,88.963394 0,0 0,0 0,0 
0,0 0,0 1.5892826,88.963394 0,0 0,0 0,0 
0,0 0,0 0.0,10.458696 0,0 0,0 0,0 
0,0 0,0 0.0,10.458696 0,0 0,0 0,0 
0,0 0,0 4.6011076,0.0 0,0 0,0 0,0 
0,0 0,0 4.6011076,0.0 0,0 0,0 0,0 
0,0 0,0 0.0,89.19963 0,0 0,0 0,0 
0,0 0,0 0.0,89.19963 0,0 0,0 0,0 
0,0 0,0 1.5355831,89.19963 0,0 0,0 0,0 
0,0 0,0 1.5355831,89.19963 0,0 0,0 0,0 
0,0 0,0 0.7677917,0.0 0,0 0,0 0,0 
0,0 0,0 0.7677917,0.0 0,0 0,0 0,0 
0,0 0,0 3.2264066,89.19963 0,0 0,0 0,0 
0,0 0,0 3.2264066,89.19963 0,0 0,0 0,0 
0,0 0,0 0.0,0.0 0,0 0,0 0,0 
0,0 0,0 0.0,0.0 0,0 0,0 0,0 
0,0 0,0 0.0,0.0 0,0 0,0 0,0 
0,0 0,0 0.0,0.0 0,0 0,0 0,0 
0,0 0,0 26.967266,0.0 0,0 0,0 0,0 
0,0 0,0 26.967266,0.0 0,0 0,0 0,0 
0,0 0,0 6.424701,88.963394 0,0 0,0 0,0 
0,0 0,0 6.424701,88.963394 0,0 0,0 0,0 
0,0 0,0 0.0,23.159409 0,0 0,0 0,0 
0,0 0,0 0.0,23.159409 0,0 0,0 0,0 
0,0 0,0 0.0,53.578598 0,0 0,0 0,0 
0,0 0,0 0.0,53.578598 0,0 0,0 0,0 
0,0 0,0 0.0,0.0 0,0 0,0 0,0 
0,0 0,0 0.0,0.0 0,0 0,0 0,0 
0,0 0,0 0.0,89.19963 0,0 0,0 0,0 
0,0 0,0 0.0,89.19963 0,0 0,0 0,0 
0,0 0,0 0.0,0.0 0,0 0,0 0,0 
0,0 0,0 0.0,0.0 0,0 0,0 0,0 
0,0 0,0 0.0,89.19963 0,0 0,0 0,0 
0,0 0,0 0.0,89.19963 0,0 0,0 0,0 
0,0 0,0 0.028080571,0.0 0,0 0,0 0,0 
0,0 0,0 0.028080571,0.0 0,0 0,0 0,0 
0.0,74.01964 0,0 0,0 0,0 0,0 0,0 
0.0,74.01964 0,0 0,0 0,0 0,0 0,0 
0,0 0,0 0.0,88.963394 0,0 0,0 0,0 
0,0 0,0 0.0,88.963394 0,0 0,0 0,0 
0,0 0,0 1.2855989,0.0 0,0 0,0 0,0 
0,0 0,0 1.2855989,0.0 0,0 0,0 0,0 
0,0 0,0 0.0,88.963394 0,0 0,0 0,0 
0,0 0,0 0.0,88.963394 0,0 0,0 0,0 
0,0 0,0 0.0,88.963394 0,0 0,0 0,0 
0,0 0,0 0.0,88.963394 0,0 0,0 0,0 
0,0 0,0 0.0,89.19963 0,0 0,0 0,0 
0,0 0,0 0.0,89.19963 0,0 0,0 0,0 
0,0 0,0 0.0,89.19963 0,0 0,0 0,0 
0,0 0,0 0.0,89.19963 0,0 0,0 0,0 
0,0 0,0 0.0,0.0 0,0 0,0 0,0 
0,0 0,0 0.0,0.0 0,0 0,0 0,0 
0,0 0,0 27.615536,89.19963 0,0 0,0 0,0 
0,0 0,0 27.615536,89.19963 0,0 0,0 0,0 
12.959734,12.15612 0,0 0,0 0,0 0,0 0,0 
12.959734,12.15612 0,0 0,0 0,0 0,0 0,0 
0.0,0.0 0,0 0,0 0,0 0,0 0,0 
0.0,0.0 0,0 0,0 0,0 0,0 0,0 
0,0 0,0 0.0,89.12034 0,0 0,0 0,0 
0,0 0,0 0.0,89.12034 0,0 0,0 0,0 
0,0 0,0 0.67903537,0.0 0,0 0,0 0,0 
0,0 0,0 0.67903537,0.0 0,0 0,0 0,0 
0,0 0,0 0.0,89.12034 0,0 0,0 0,0 
0,0 0,0 0.0,89.12034 0,0 0,0 0,0 
0,0 0,0 0.0,89.12034 0,0 0,0 0,0 
0,0 0,0 0.0,89.12034 0,0 0,0 0,0 
0,0 0,0 7.2638326,0.0 0,0 0,0 0,0 
0,0 0,0 7.2638326,0.0 0,0 0,0 0,0 
0,0 0,0 0.0,0.0 0,0 0,0 0,0 
0,0 0,0 0.0,0.0 0,0 0,0 0,0 
0,0 0,0 0.0,89.3574 0,0 0,0 0,0 
0,0 0,0 0.0,89.3574 0,0 0,0 0,0 
0.0,0.0 0,0 0,0 0,0 0,0 0,0 
0.0,0.0 0,0 0,0 0,0 0,0 0,0 
0.0,73.93486 0,0 0,0 0,0 0,0 0,0 
0.0,73.93486 0,0 0,0 0,0 0,0 0,0 
0.0,74.18699 0,0 0,0 0,0 0,0 0,0 
0.0,74.18699 0,0 0,0 0,0 0,0 0,0 
0,0 0,0 0.0,89.12034 0,0 0,0 0,0 
0,0 0,0 0.0,89.12034 0,0 0,0 0,0 
0,0 0,0 34.63965,0.12732601 0,0 0,0 0,0 
0,0 0,0 34.63965,0.12732601 0,0 0,0 0,0 
0,0 0,0 0.0,8.562659 0,0 0,0 0,0 
0,0 0,0 0.0,8.562659 0,0 0,0 0,0 
0,0 0,0 0.0,0.0 0,0 0,0 0,0 
0,0 0,0 0.0,0.0 0,0 0,0 0,0 
0,0 0,0 38.1407,0.0 0,0 0,0 0,0 
0,0 0,0 38.1407,0.0 0,0 0,0 0,0 
0,0 0,0 0.0,89.3574 0,0 0,0 0,0 
0,0 0,0 0.0,89.3574 0,0 0,0 0,0 
0,0 0,0 0.0,89.3574 0,0 0,0 0,0 
0,0 0,0 0.0,89.3574 0,0 0,0 0,0 
0,0 0,0 1.4435656,73.93486 0,0 0,0 0,0 
0,0 0,0 1.4435656,73.93486 0,0 0,0 0,0 
2.3523881,0.0 0,0 0,0 0,0 0,0 0,0 
2.3523881,0.0 0,0 0,0 0,0 0,0 0,0 
0.7501341,12.364479 0,0 0,0 0,0 0,0 0,0 
0.7501341,12.364479 0,0 0,0 0,0 0,0 0,0 
0,0 0,0 0.0,89.12034 0,0 0,0 0,0 
0,0 0,0 0.0,89.12034 0,0 0,0 0,0 
0,0 0,0 21.639912,0.2182684 0,0 0,0 0,0 
0,0 0,0 21.639912,0.2182684 0,0 0,0 0,0 
0,0 0,0 0.0,17.844643 0,0 0,0 0,0 
0,0 0,0 0.0,17.844643 0,0 0,0 0,0 
0,0 0,0 0.0,0.0 0,0 0,0 0,0 
0,0 0,0 0.0,0.0 0,0 0,0 0,0 
0,0 0,0 11.220824,89.3574 0,0 0,0 0,0 
0,0 0,0 11.220824,89.3574 0,0 0,0 0,0 
0,0 0,0 0.793353,0.0 0,0 0,0 0,0 
0,0 0,0 0.793353,0.0 0,0 0,0 0,0 
0,0 0,0 0.0,89.3574 0,0 0,0 0,0 
0,0 0,0 0.0,89.3574 0,0 0,0 0,0 
0,0 0,0 12.091528,73.93486 0,0 0,0 0,0 
0,0 0,0 12.091528,73.93486 0,0 0,0 0,0 
9.369015,0.0 0,0 0,0 0,0 0,0 0,0 
9.369015,0.0 0,0 0,0 0,0 0,0 0,0 
8.5654335,0.0 0,0 0,0 0,0 0,0 0,0 
8.5654335,0.0 0,0 0,0 0,0 0,0 0,0 
0,0 0,0 0.0,89.12034 0,0 0,0 0,0 
0,0 0,0 0.0,89.12034 0,0 0,0 0,0 
0,0 0,0 13.563309,0.3741827 0,0 0,0 0,0 
0,0 0,0 13.563309,0.3741827 0,0 0,0 0,0 
0,0 0,0 0.0,53.66178 0,0 0,0 0,0 
0,0 0,0 0.0,53.66178 0,0 0,0 0,0 
0,0 0,0 0.0,0.0 0,0 0,0 0,0 
0,0 0,0 0.0,0.0 0,0 0,0 0,0 
0,0 0,0 0.0,89.3574 0,0 0,0 0,0 
0,0 0,0 0.0,89.3574 0,0 0,0 0,0 
0,0 0,0 0.0,89.3574 0,0 0,0 0,0 
0,0 0,0 0.0,89.3574 0,0 0,0 0,0 
0,0 0,0 0.0,0.0 0,0 0,0 0,0 
0,0 0,0 0.0,0.0 0,0 0,0 0,0 
0,0 0,0 0.0,89.3574 0,0 0,0 0,0 
0,0 0,0 0.0,89.3574 0,0 0,0 0,0 
0,0 0,0 0.0,0.0 0,0 0,0 0,0 
0,0 0,0 0.0,0.0 0,0 0,0 0,0 
0.0,74.18699 0,0 0,0 0,0 0,0 0,0 
0.0,74.18699 0,0 0,0 0,0 0,0 0,0 
0,0 0,0 0.0,0.0 0,0 0,0 0,0 
0,0 0,0 0.0,0.0 0,0 0,0 0,0 
0,0 0,0 2.2889252,89.12034 0,0 0,0 0,0 
0,0 0,0 2.2889252,89.12034 0,0 0,0 0,0 
0,0 0,0 0.0,89.12034 0,0 0,0 0,0 
0,0 0,0 0.0,89.12034 0,0 0,0 0,0 
0,0 0,0 0.0,23.061562 0,0 0,0 0,0 
0,0 0,0 0.0,23.061562 0,0 0,0 0,0 
0,0 0,0 0.0,89.3574 0,0 0,0 0,0 
0,0 0,0 0.0,89.3574 0,0 0,0 0,0 
0,0 0,0 0.0,0.0 0,0 0,0 0,0 
0,0 0,0 0.0,0.0 0,0 0,0 0,0 
0,0 0,0 0.0,0.0 0,0 0,0 0,0 
0,0 0,0 0.0,0.0 0,0 0,0 0,0 
0,0 0,0 12.431835,89.3574 0,0 0,0 0,0 
0,0 0,0 12.431835,89.3574 0,0 0,0 0,0 
0,0 0,0 0.0,0.0 0,0 0,0 0,0 
0,0 0,0 0.0,0.0 0,0 0,0 0,0 
0,0 0,0 23.592918,24.323586 0,0 0,0 0,0 
0,0 0,0 23.592918,24.323586 0,0 0,0 0,0 
